x	y	presence
8170	10	0
8130	20	0
8140	20	0
8160	20	0
8170	20	0
8140	30	0
8150	30	0
8160	30	1
8170	30	0
8180	30	0
8270	30	0
8160	40	0
8170	40	0
8180	40	0
8190	40	0
8250	40	0
8260	40	0
8270	40	0
8280	40	1
8170	50	0
8180	50	0
8190	50	0
8200	50	0
8210	50	0
8220	50	0
8230	50	1
8240	50	0
8250	50	0
8260	50	0
8270	50	0
8280	50	0
8180	60	0
8190	60	0
8200	60	1
8210	60	0
8220	60	0
8230	60	0
8240	60	1
8250	60	0
8260	60	0
8270	60	0
8280	60	0
8180	70	0
8190	70	0
8200	70	0
8210	70	1
8220	70	0
8230	70	1
8240	70	1
8250	70	0
8260	70	0
8270	70	0
8280	70	1
8290	70	1
8200	80	0
8210	80	1
8220	80	1
8230	80	1
8240	80	0
8250	80	0
8260	80	0
8270	80	0
8280	80	0
8290	80	1
8300	80	1
8350	80	1
8360	80	1
8370	80	1
8380	80	1
8390	80	0
8400	80	0
8430	80	0
8440	80	1
8450	80	1
8210	90	0
8220	90	1
8230	90	1
8240	90	1
8250	90	0
8260	90	0
8270	90	0
8280	90	1
8290	90	1
8300	90	1
8310	90	1
8320	90	1
8330	90	0
8340	90	0
8350	90	0
8360	90	1
8370	90	1
8380	90	1
8390	90	1
8400	90	1
8410	90	1
8420	90	1
8430	90	1
8440	90	1
8450	90	0
8480	90	1
8550	90	0
8220	100	1
8230	100	1
8240	100	1
8250	100	1
8260	100	0
8270	100	0
8280	100	0
8290	100	1
8300	100	0
8310	100	0
8320	100	0
8330	100	1
8340	100	1
8350	100	1
8360	100	0
8370	100	0
8380	100	1
8390	100	1
8400	100	1
8410	100	1
8420	100	1
8430	100	1
8440	100	1
8450	100	1
8460	100	1
8470	100	1
8480	100	1
8490	100	0
8500	100	0
8510	100	1
8520	100	0
8530	100	0
8540	100	1
8550	100	1
8560	100	1
8220	110	1
8230	110	1
8240	110	0
8250	110	1
8260	110	0
8270	110	0
8280	110	1
8290	110	1
8300	110	1
8310	110	0
8330	110	1
8340	110	1
8350	110	0
8360	110	0
8370	110	1
8380	110	1
8390	110	0
8400	110	1
8410	110	1
8420	110	1
8430	110	1
8440	110	1
8450	110	1
8460	110	0
8470	110	1
8480	110	0
8490	110	1
8500	110	1
8510	110	1
8520	110	1
8530	110	1
8540	110	1
8550	110	1
8560	110	1
8570	110	1
8580	110	1
8590	110	1
8600	110	0
8220	120	0
8230	120	0
8240	120	0
8250	120	0
8270	120	0
8280	120	0
8290	120	0
8300	120	1
8310	120	1
8320	120	1
8330	120	1
8340	120	1
8350	120	1
8360	120	0
8370	120	1
8380	120	1
8390	120	1
8400	120	1
8410	120	1
8420	120	0
8430	120	1
8440	120	1
8450	120	1
8460	120	0
8470	120	1
8480	120	1
8490	120	1
8500	120	1
8510	120	1
8520	120	1
8530	120	1
8540	120	1
8550	120	0
8560	120	1
8570	120	1
8580	120	1
8590	120	1
8600	120	0
8240	130	0
8250	130	0
8260	130	0
8270	130	0
8280	130	0
8290	130	0
8300	130	1
8310	130	0
8320	130	0
8330	130	1
8340	130	1
8350	130	1
8360	130	0
8370	130	1
8390	130	1
8400	130	1
8410	130	1
8420	130	0
8430	130	1
8440	130	1
8450	130	1
8460	130	0
8470	130	1
8480	130	1
8490	130	0
8500	130	1
8510	130	1
8520	130	1
8530	130	1
8540	130	1
8550	130	1
8560	130	1
8570	130	1
8580	130	1
8590	130	1
8600	130	1
8610	130	1
8260	140	0
8270	140	0
8280	140	0
8290	140	0
8300	140	1
8310	140	1
8320	140	1
8330	140	1
8340	140	1
8350	140	1
8360	140	0
8370	140	1
8380	140	1
8390	140	0
8410	140	1
8420	140	0
8430	140	1
8440	140	1
8460	140	0
8470	140	1
8480	140	1
8490	140	1
8500	140	1
8510	140	1
8520	140	1
8530	140	1
8540	140	1
8550	140	1
8560	140	1
8570	140	1
8580	140	1
8590	140	1
8600	140	1
8610	140	1
8620	140	0
8630	140	1
8330	150	1
8340	150	0
8350	150	1
8360	150	1
8370	150	1
8380	150	1
8390	150	0
8400	150	0
8410	150	1
8420	150	0
8450	150	0
8460	150	1
8470	150	1
8480	150	1
8490	150	1
8500	150	1
8510	150	1
8520	150	1
8530	150	1
8540	150	1
8550	150	1
8560	150	1
8570	150	1
8580	150	1
8590	150	0
8600	150	1
8610	150	1
8620	150	1
8630	150	1
8300	160	1
8330	160	1
8340	160	1
8350	160	1
8360	160	1
8370	160	1
8380	160	1
8390	160	1
8400	160	1
8410	160	1
8420	160	1
8430	160	1
8440	160	1
8450	160	1
8460	160	1
8470	160	1
8480	160	1
8490	160	1
8500	160	1
8510	160	1
8520	160	1
8530	160	1
8540	160	1
8550	160	1
8560	160	1
8570	160	1
8580	160	0
8590	160	0
8600	160	1
8610	160	1
8620	160	1
8630	160	1
8280	170	1
8290	170	1
8300	170	1
8310	170	1
8340	170	1
8350	170	1
8360	170	1
8370	170	1
8380	170	0
8390	170	1
8400	170	1
8410	170	0
8420	170	1
8430	170	0
8440	170	1
8450	170	1
8460	170	1
8470	170	1
8480	170	1
8490	170	1
8500	170	1
8510	170	1
8520	170	1
8530	170	0
8540	170	1
8550	170	1
8560	170	1
8570	170	1
8580	170	0
8590	170	1
8240	180	0
8250	180	0
8270	180	1
8280	180	0
8290	180	0
8300	180	0
8310	180	1
8320	180	1
8330	180	1
8340	180	1
8350	180	1
8360	180	1
8370	180	1
8380	180	1
8390	180	1
8400	180	1
8410	180	1
8420	180	1
8430	180	1
8440	180	1
8450	180	1
8460	180	1
8470	180	1
8480	180	1
8490	180	1
8500	180	1
8510	180	1
8520	180	0
8530	180	1
8540	180	1
8550	180	1
8560	180	1
8570	180	1
8580	180	1
8590	180	0
8190	190	1
8240	190	0
8250	190	0
8260	190	1
8270	190	0
8280	190	0
8290	190	0
8300	190	1
8310	190	1
8320	190	1
8330	190	1
8350	190	0
8360	190	1
8370	190	1
8380	190	1
8390	190	1
8400	190	1
8410	190	1
8420	190	1
8430	190	1
8440	190	1
8450	190	1
8460	190	1
8470	190	1
8480	190	1
8490	190	1
8500	190	1
8510	190	1
8520	190	1
8530	190	1
8540	190	1
8550	190	1
8560	190	1
8570	190	0
8580	190	1
8590	190	0
8600	190	0
8180	200	1
8190	200	1
8200	200	0
8210	200	0
8220	200	0
8230	200	0
8240	200	0
8250	200	1
8260	200	0
8270	200	0
8280	200	0
8290	200	1
8300	200	0
8310	200	0
8330	200	1
8340	200	0
8350	200	1
8360	200	1
8370	200	1
8380	200	1
8390	200	0
8400	200	1
8410	200	1
8420	200	1
8430	200	1
8440	200	1
8450	200	1
8460	200	1
8470	200	1
8480	200	0
8490	200	1
8500	200	1
8510	200	1
8520	200	1
8530	200	1
8540	200	0
8550	200	1
8560	200	1
8570	200	1
8580	200	1
8590	200	1
8600	200	1
8180	210	0
8190	210	1
8200	210	0
8210	210	0
8220	210	1
8230	210	0
8240	210	1
8250	210	1
8260	210	0
8270	210	0
8280	210	1
8290	210	1
8300	210	0
8310	210	0
8320	210	1
8340	210	1
8350	210	1
8360	210	1
8370	210	1
8380	210	1
8390	210	1
8400	210	1
8410	210	1
8420	210	1
8430	210	1
8440	210	1
8450	210	1
8460	210	1
8470	210	1
8480	210	1
8490	210	1
8500	210	1
8510	210	1
8520	210	1
8530	210	1
8540	210	1
8550	210	1
8560	210	1
8570	210	1
8580	210	1
8590	210	1
8600	210	1
8610	210	0
8170	220	1
8180	220	0
8190	220	1
8200	220	0
8210	220	0
8220	220	0
8230	220	0
8240	220	1
8250	220	1
8260	220	1
8270	220	0
8280	220	0
8290	220	1
8300	220	1
8310	220	1
8320	220	0
8330	220	1
8340	220	1
8350	220	1
8360	220	1
8370	220	1
8380	220	1
8390	220	1
8400	220	1
8410	220	1
8420	220	1
8430	220	1
8440	220	1
8450	220	1
8460	220	1
8470	220	1
8480	220	1
8490	220	1
8500	220	1
8510	220	1
8520	220	1
8530	220	1
8540	220	1
8550	220	1
8560	220	1
8570	220	1
8580	220	1
8590	220	1
8600	220	1
8610	220	1
8620	220	0
8180	230	0
8190	230	0
8200	230	0
8210	230	0
8220	230	1
8230	230	0
8240	230	1
8250	230	0
8260	230	1
8270	230	0
8280	230	0
8290	230	0
8300	230	0
8310	230	1
8320	230	1
8330	230	0
8340	230	1
8350	230	1
8360	230	1
8370	230	1
8380	230	1
8390	230	1
8400	230	1
8410	230	0
8420	230	1
8430	230	1
8440	230	1
8450	230	1
8460	230	1
8470	230	1
8480	230	1
8490	230	1
8500	230	1
8510	230	1
8520	230	1
8530	230	1
8540	230	1
8550	230	1
8560	230	1
8570	230	1
8580	230	1
8590	230	1
8600	230	1
8610	230	1
8620	230	0
8210	240	1
8220	240	1
8230	240	1
8240	240	1
8250	240	1
8260	240	1
8270	240	0
8280	240	0
8290	240	0
8300	240	1
8310	240	1
8320	240	1
8330	240	1
8340	240	1
8350	240	1
8360	240	1
8370	240	1
8380	240	1
8390	240	1
8400	240	1
8410	240	1
8420	240	1
8430	240	1
8440	240	1
8450	240	1
8460	240	1
8470	240	1
8480	240	1
8490	240	1
8500	240	1
8510	240	1
8520	240	1
8530	240	1
8540	240	1
8550	240	1
8560	240	1
8570	240	1
8580	240	1
8590	240	1
8600	240	1
8610	240	1
8620	240	1
8630	240	1
8230	250	0
8240	250	1
8250	250	1
8260	250	1
8270	250	0
8280	250	0
8290	250	0
8300	250	1
8310	250	1
8320	250	0
8330	250	1
8340	250	1
8350	250	1
8360	250	1
8370	250	1
8380	250	1
8390	250	1
8400	250	1
8410	250	1
8420	250	1
8430	250	1
8440	250	1
8450	250	1
8460	250	1
8470	250	1
8480	250	1
8490	250	1
8500	250	1
8510	250	1
8520	250	1
8530	250	1
8540	250	1
8550	250	1
8560	250	1
8570	250	1
8580	250	1
8590	250	0
8600	250	1
8610	250	1
8620	250	1
8630	250	1
8640	250	1
8250	260	0
8260	260	1
8270	260	1
8280	260	0
8290	260	1
8300	260	1
8310	260	1
8320	260	1
8330	260	0
8340	260	1
8350	260	1
8360	260	1
8370	260	1
8380	260	1
8390	260	1
8400	260	1
8410	260	1
8420	260	1
8430	260	1
8440	260	1
8450	260	1
8460	260	1
8470	260	1
8480	260	1
8490	260	1
8500	260	1
8510	260	1
8520	260	1
8530	260	1
8540	260	1
8550	260	1
8560	260	1
8570	260	1
8580	260	1
8590	260	1
8600	260	0
8610	260	1
8620	260	1
8630	260	1
8640	260	1
8250	270	0
8260	270	0
8270	270	0
8280	270	0
8290	270	1
8300	270	1
8310	270	1
8320	270	0
8330	270	1
8340	270	1
8350	270	1
8360	270	1
8370	270	1
8380	270	1
8390	270	1
8400	270	1
8410	270	1
8420	270	1
8430	270	1
8440	270	1
8450	270	1
8460	270	1
8470	270	1
8480	270	1
8490	270	1
8500	270	1
8510	270	1
8520	270	1
8530	270	1
8540	270	1
8550	270	1
8560	270	1
8570	270	1
8580	270	1
8590	270	1
8600	270	1
8610	270	1
8620	270	1
8630	270	1
8640	270	1
8260	280	0
8270	280	0
8280	280	0
8290	280	0
8300	280	0
8310	280	0
8320	280	0
8330	280	1
8340	280	1
8350	280	0
8360	280	0
8370	280	1
8380	280	1
8390	280	1
8400	280	1
8410	280	1
8420	280	1
8430	280	1
8440	280	1
8450	280	1
8460	280	1
8470	280	1
8480	280	1
8490	280	1
8500	280	1
8510	280	1
8520	280	1
8530	280	0
8540	280	1
8550	280	1
8560	280	1
8570	280	1
8580	280	1
8590	280	1
8600	280	1
8610	280	1
8620	280	1
8630	280	1
8640	280	1
8650	280	0
8260	290	1
8270	290	0
8280	290	0
8290	290	0
8300	290	1
8310	290	1
8320	290	1
8330	290	0
8340	290	1
8350	290	0
8360	290	1
8370	290	1
8380	290	1
8390	290	1
8400	290	1
8410	290	1
8420	290	1
8430	290	1
8440	290	1
8450	290	1
8460	290	1
8470	290	1
8480	290	1
8490	290	1
8500	290	1
8510	290	1
8520	290	1
8530	290	0
8540	290	0
8550	290	1
8560	290	1
8570	290	1
8580	290	1
8590	290	1
8600	290	1
8610	290	1
8620	290	1
8630	290	1
8640	290	1
8650	290	1
8250	300	0
8260	300	1
8270	300	0
8280	300	0
8290	300	0
8300	300	0
8310	300	1
8320	300	1
8330	300	1
8340	300	1
8350	300	1
8360	300	1
8370	300	1
8380	300	0
8390	300	0
8400	300	1
8410	300	0
8420	300	1
8430	300	1
8440	300	1
8450	300	1
8460	300	1
8470	300	1
8480	300	1
8490	300	1
8500	300	1
8510	300	1
8520	300	1
8530	300	0
8540	300	1
8550	300	1
8560	300	1
8570	300	1
8580	300	1
8590	300	1
8600	300	1
8610	300	1
8620	300	1
8630	300	1
8640	300	1
8650	300	1
8260	310	0
8270	310	0
8280	310	0
8290	310	0
8300	310	0
8310	310	1
8320	310	1
8330	310	1
8340	310	1
8350	310	1
8360	310	1
8370	310	1
8380	310	0
8390	310	0
8400	310	0
8410	310	1
8420	310	1
8430	310	1
8440	310	1
8450	310	1
8460	310	1
8470	310	1
8480	310	1
8490	310	1
8500	310	1
8510	310	1
8520	310	0
8540	310	1
8550	310	0
8560	310	1
8570	310	1
8580	310	1
8590	310	1
8600	310	1
8610	310	1
8620	310	1
8630	310	1
8640	310	1
8220	320	1
8250	320	0
8260	320	0
8270	320	0
8280	320	0
8290	320	0
8300	320	0
8310	320	0
8320	320	1
8330	320	1
8340	320	1
8350	320	1
8360	320	1
8370	320	1
8380	320	1
8390	320	1
8400	320	1
8410	320	1
8420	320	1
8430	320	1
8440	320	1
8450	320	1
8460	320	1
8470	320	1
8480	320	1
8500	320	1
8510	320	1
8520	320	1
8530	320	0
8540	320	0
8550	320	0
8560	320	1
8570	320	0
8580	320	1
8590	320	1
8600	320	1
8610	320	1
8620	320	1
8630	320	1
8640	320	1
8220	330	1
8230	330	1
8240	330	0
8250	330	0
8260	330	0
8270	330	0
8280	330	1
8290	330	1
8300	330	1
8310	330	0
8320	330	1
8330	330	1
8340	330	1
8350	330	1
8360	330	1
8370	330	1
8380	330	1
8390	330	1
8400	330	0
8410	330	1
8420	330	1
8430	330	1
8440	330	1
8450	330	1
8460	330	1
8470	330	1
8480	330	1
8490	330	0
8500	330	0
8510	330	0
8520	330	0
8530	330	1
8540	330	0
8560	330	1
8570	330	1
8580	330	1
8590	330	1
8600	330	1
8610	330	1
8620	330	1
8630	330	1
8230	340	0
8240	340	1
8250	340	0
8260	340	0
8270	340	0
8280	340	0
8290	340	1
8300	340	0
8310	340	1
8320	340	1
8330	340	1
8340	340	1
8350	340	1
8360	340	1
8370	340	1
8380	340	1
8390	340	0
8400	340	1
8410	340	1
8420	340	0
8430	340	1
8440	340	1
8450	340	1
8460	340	1
8470	340	1
8480	340	1
8490	340	0
8500	340	1
8510	340	0
8520	340	0
8530	340	0
8540	340	0
8570	340	1
8580	340	1
8590	340	1
8600	340	1
8610	340	1
8240	350	0
8250	350	0
8260	350	1
8270	350	0
8280	350	1
8290	350	0
8300	350	0
8310	350	0
8320	350	0
8330	350	1
8340	350	1
8350	350	1
8360	350	1
8370	350	1
8380	350	1
8390	350	1
8410	350	0
8420	350	0
8430	350	1
8440	350	1
8450	350	1
8460	350	1
8470	350	1
8480	350	1
8490	350	0
8500	350	0
8510	350	1
8520	350	1
8530	350	0
8540	350	0
8550	350	1
8240	360	1
8250	360	1
8260	360	0
8270	360	0
8280	360	0
8290	360	0
8300	360	1
8310	360	1
8320	360	1
8330	360	1
8340	360	1
8350	360	1
8360	360	1
8370	360	1
8380	360	1
8390	360	1
8400	360	0
8410	360	0
8420	360	1
8430	360	1
8440	360	1
8450	360	1
8460	360	1
8470	360	0
8480	360	1
8490	360	1
8500	360	1
8510	360	1
8520	360	1
8530	360	0
8540	360	1
8230	370	1
8240	370	1
8250	370	1
8260	370	0
8270	370	1
8280	370	0
8290	370	0
8300	370	1
8310	370	0
8320	370	0
8330	370	1
8340	370	1
8350	370	1
8360	370	1
8370	370	1
8380	370	1
8390	370	1
8400	370	0
8410	370	1
8420	370	1
8430	370	1
8440	370	1
8450	370	1
8460	370	1
8470	370	1
8480	370	0
8490	370	1
8500	370	1
8510	370	1
8520	370	1
8530	370	0
8540	370	0
8550	370	0
8220	380	0
8230	380	1
8240	380	0
8300	380	0
8310	380	0
8320	380	1
8330	380	1
8340	380	1
8350	380	1
8360	380	1
8370	380	1
8380	380	1
8390	380	1
8400	380	1
8410	380	0
8420	380	0
8430	380	1
8440	380	1
8450	380	0
8460	380	1
8470	380	1
8480	380	1
8490	380	0
8500	380	1
8510	380	0
8520	380	1
8530	380	0
8540	380	1
8230	390	0
8240	390	0
8320	390	0
8330	390	1
8340	390	1
8350	390	1
8360	390	1
8370	390	1
8380	390	1
8390	390	1
8400	390	0
8410	390	0
8420	390	0
8430	390	1
8440	390	1
8450	390	1
8460	390	1
8470	390	1
8480	390	1
8490	390	0
8500	390	1
8510	390	0
8520	390	0
8530	390	0
8540	390	0
8320	400	0
8330	400	1
8340	400	1
8350	400	1
8360	400	1
8370	400	1
8380	400	1
8390	400	0
8400	400	0
8410	400	0
8420	400	0
8430	400	1
8440	400	1
8450	400	1
8460	400	1
8470	400	0
8480	400	1
8490	400	1
8500	400	0
8510	400	0
8520	400	0
8530	400	1
8330	410	1
8340	410	1
8350	410	1
8360	410	1
8370	410	1
8380	410	0
8390	410	0
8400	410	0
8410	410	1
8420	410	0
8430	410	1
8440	410	0
8450	410	1
8460	410	1
8470	410	0
8480	410	0
8490	410	1
8500	410	0
8510	410	0
8520	410	0
8530	410	0
8330	420	0
8340	420	1
8350	420	1
8360	420	1
8370	420	0
8380	420	1
8390	420	0
8400	420	0
8410	420	1
8420	420	0
8430	420	0
8440	420	1
8450	420	0
8460	420	1
8470	420	1
8480	420	1
8490	420	0
8500	420	1
8510	420	0
8520	420	0
8530	420	0
8330	430	1
8340	430	1
8350	430	1
8360	430	1
8370	430	1
8380	430	1
8390	430	0
8400	430	1
8410	430	1
8420	430	1
8430	430	0
8440	430	0
8450	430	0
8460	430	1
8470	430	1
8480	430	1
8490	430	1
8500	430	1
8510	430	0
8520	430	1
8330	440	0
8340	440	1
8350	440	1
8360	440	1
8370	440	1
8380	440	0
8390	440	1
8400	440	1
8410	440	1
8420	440	1
8430	440	1
8440	440	1
8450	440	1
8460	440	1
8470	440	1
8480	440	1
8490	440	1
8500	440	1
8510	440	0
8340	450	1
8350	450	0
8360	450	0
8370	450	0
8380	450	1
8390	450	1
8400	450	1
8410	450	1
8420	450	0
8430	450	1
8440	450	1
8450	450	1
8460	450	1
8470	450	1
8480	450	0
8490	450	0
8500	450	0
8510	450	0
8320	460	0
8340	460	1
8350	460	0
8360	460	0
8370	460	0
8380	460	0
8390	460	0
8400	460	0
8410	460	0
8420	460	1
8430	460	1
8440	460	0
8450	460	1
8460	460	1
8470	460	1
8480	460	0
8490	460	0
8500	460	0
8510	460	0
8310	470	0
8320	470	0
8330	470	0
8340	470	0
8350	470	1
8360	470	0
8370	470	0
8380	470	0
8390	470	0
8410	470	0
8420	470	1
8430	470	1
8440	470	1
8450	470	0
8460	470	0
8470	470	1
8480	470	1
8490	470	1
8500	470	0
8510	470	0
8320	480	0
8330	480	1
8340	480	1
8350	480	1
8370	480	0
8390	480	0
8410	480	1
8420	480	1
8430	480	1
8440	480	1
8450	480	1
8460	480	0
8470	480	0
8480	480	0
8490	480	1
8500	480	0
8300	490	0
8310	490	0
8320	490	0
8330	490	1
8340	490	0
8350	490	1
8360	490	0
8370	490	0
8390	490	0
8400	490	0
8410	490	0
8420	490	0
8430	490	0
8440	490	0
8450	490	0
8460	490	0
8470	490	0
8480	490	0
8490	490	0
8300	500	0
8310	500	0
8320	500	0
8330	500	0
8340	500	0
8360	500	0
8370	500	0
8390	500	0
8400	500	0
8410	500	0
8420	500	1
8430	500	1
8440	500	0
8450	500	0
8460	500	0
8470	500	0
8480	500	0
8490	500	0
8290	510	0
8300	510	0
8310	510	0
8320	510	0
8330	510	0
8340	510	0
8350	510	0
8360	510	0
8390	510	0
8410	510	1
8420	510	1
8430	510	1
8440	510	1
8450	510	1
8460	510	0
8470	510	0
8480	510	0
8310	520	0
8320	520	0
8340	520	0
8350	520	0
8370	520	0
8380	520	0
8390	520	0
8400	520	0
8410	520	0
8420	520	1
8430	520	1
8440	520	1
8450	520	0
8460	520	0
8210	530	0
8240	530	0
8310	530	0
8330	530	0
8340	530	1
8350	530	1
8360	530	0
8370	530	0
8380	530	0
8390	530	0
8400	530	0
8410	530	1
8420	530	1
8430	530	1
8440	530	0
8200	540	0
8230	540	0
8240	540	0
8260	540	0
8270	540	0
8320	540	1
8330	540	0
8340	540	1
8350	540	1
8370	540	0
8380	540	0
8390	540	0
8400	540	0
8410	540	1
8420	540	1
8430	540	0
8440	540	1
8200	550	0
8210	550	0
8220	550	0
8230	550	0
8240	550	0
8250	550	0
8260	550	0
8270	550	0
8280	550	1
8290	550	0
8310	550	1
8320	550	1
8330	550	1
8340	550	1
8350	550	1
8360	550	0
8370	550	0
8380	550	0
8390	550	0
8400	550	0
8410	550	1
8420	550	1
8430	550	1
8190	560	0
8200	560	0
8210	560	0
8220	560	0
8230	560	0
8240	560	0
8250	560	0
8260	560	0
8270	560	0
8280	560	1
8290	560	0
8300	560	1
8310	560	0
8320	560	0
8330	560	1
8340	560	1
8350	560	0
8360	560	0
8370	560	0
8380	560	0
8390	560	0
8400	560	1
8410	560	1
8420	560	1
8430	560	1
8200	570	0
8210	570	0
8220	570	0
8230	570	0
8240	570	0
8250	570	0
8260	570	0
8270	570	0
8280	570	0
8290	570	0
8300	570	0
8310	570	0
8320	570	1
8330	570	0
8340	570	0
8360	570	0
8370	570	0
8380	570	1
8390	570	1
8400	570	0
8410	570	1
8420	570	1
8430	570	0
8210	580	0
8220	580	0
8230	580	0
8240	580	0
8250	580	0
8260	580	0
8270	580	0
8280	580	0
8290	580	0
8300	580	0
8310	580	0
8330	580	0
8340	580	0
8350	580	0
8360	580	0
8370	580	0
8380	580	1
8390	580	0
8400	580	1
8410	580	1
8420	580	1
8210	590	0
8220	590	0
8230	590	0
8240	590	0
8260	590	0
8270	590	0
8280	590	0
8290	590	0
8300	590	0
8310	590	0
8320	590	0
8330	590	0
8350	590	0
8360	590	0
8370	590	0
8380	590	0
8390	590	0
8400	590	0
8410	590	1
8420	590	1
8220	600	0
8230	600	0
8240	600	0
8260	600	0
8270	600	0
8280	600	0
8300	600	0
8310	600	0
8320	600	0
8330	600	0
8340	600	0
8350	600	0
8360	600	0
8370	600	0
8380	600	1
8390	600	1
8400	600	1
8410	600	1
8420	600	1
8160	610	0
8170	610	0
8220	610	0
8230	610	0
8250	610	0
8260	610	0
8280	610	0
8300	610	0
8310	610	0
8320	610	0
8330	610	0
8340	610	0
8350	610	0
8360	610	0
8380	610	0
8390	610	0
8400	610	0
8410	610	1
8420	610	1
8160	620	0
8170	620	0
8190	620	0
8200	620	0
8230	620	0
8240	620	0
8250	620	0
8260	620	0
8270	620	0
8280	620	0
8300	620	0
8310	620	0
8320	620	0
8340	620	0
8350	620	0
8360	620	0
8370	620	0
8380	620	0
8390	620	0
8400	620	0
8410	620	0
8420	620	0
8160	630	0
8170	630	0
8190	630	0
8200	630	0
8230	630	0
8240	630	0
8250	630	0
8260	630	0
8280	630	0
8300	630	0
8310	630	0
8320	630	0
8330	630	0
8340	630	0
8350	630	0
8360	630	0
8370	630	1
8380	630	0
8390	630	1
8400	630	0
8410	630	0
8130	640	0
8170	640	0
8180	640	0
8190	640	0
8220	640	0
8230	640	0
8240	640	0
8250	640	0
8260	640	0
8270	640	0
8280	640	0
8290	640	0
8300	640	0
8310	640	0
8320	640	0
8340	640	0
8350	640	0
8360	640	0
8370	640	0
8380	640	1
8400	640	0
8120	650	0
8130	650	0
8140	650	0
8170	650	0
8180	650	0
8210	650	0
8220	650	0
8230	650	0
8240	650	0
8250	650	0
8260	650	0
8270	650	0
8280	650	0
8290	650	0
8300	650	0
8310	650	0
8320	650	0
8330	650	0
8340	650	0
8370	650	0
8380	650	1
8390	650	1
8120	660	0
8130	660	0
8140	660	0
8170	660	0
8180	660	0
8190	660	0
8200	660	0
8220	660	0
8230	660	0
8240	660	0
8250	660	0
8260	660	0
8270	660	0
8280	660	0
8290	660	0
8300	660	0
8310	660	0
8320	660	0
8330	660	0
8340	660	0
8350	660	0
8360	660	0
8370	660	0
8380	660	1
8390	660	0
8130	670	0
8140	670	0
8150	670	0
8170	670	0
8180	670	0
8190	670	0
8200	670	0
8210	670	0
8220	670	0
8230	670	0
8240	670	0
8250	670	0
8260	670	0
8270	670	0
8280	670	0
8290	670	0
8300	670	0
8310	670	0
8320	670	0
8330	670	0
8340	670	0
8350	670	0
8360	670	0
8370	670	0
8160	680	0
8170	680	0
8180	680	0
8190	680	0
8200	680	0
8210	680	0
8220	680	0
8230	680	0
8240	680	0
8250	680	0
8260	680	0
8270	680	0
8280	680	0
8290	680	0
8300	680	0
8310	680	0
8320	680	0
8350	680	0
8130	690	0
8160	690	0
8170	690	0
8180	690	0
8190	690	0
8200	690	0
8210	690	0
8220	690	0
8230	690	0
8240	690	0
8250	690	0
8260	690	0
8270	690	0
8280	690	0
8290	690	0
8300	690	0
8310	690	0
8320	690	0
8330	690	0
8170	700	0
8180	700	0
8190	700	0
8200	700	0
8210	700	0
8220	700	0
8230	700	0
8240	700	0
8250	700	0
8260	700	0
8270	700	0
8280	700	0
8290	700	0
8310	700	0
8320	700	0
8330	700	0
8340	700	0
8350	700	0
8170	710	0
8180	710	0
8190	710	0
8200	710	0
8210	710	0
8220	710	0
8230	710	0
8240	710	0
8250	710	0
8260	710	0
8270	710	0
8280	710	0
8290	710	0
8300	710	0
8310	710	0
8320	710	0
8330	710	0
8340	710	0
8350	710	0
8130	720	0
8140	720	0
8150	720	0
8160	720	0
8180	720	0
8190	720	0
8200	720	0
8210	720	0
8220	720	0
8230	720	0
8240	720	0
8250	720	0
8260	720	0
8270	720	0
8280	720	0
8290	720	0
8300	720	0
8310	720	0
8320	720	0
8330	720	0
8340	720	0
8140	730	0
8150	730	0
8160	730	0
8170	730	0
8180	730	0
8190	730	0
8200	730	0
8210	730	0
8220	730	0
8230	730	0
8240	730	0
8250	730	0
8260	730	0
8270	730	0
8280	730	0
8290	730	0
8300	730	0
8310	730	0
8320	730	0
8330	730	0
8350	730	0
8090	740	0
8100	740	0
8130	740	0
8140	740	0
8150	740	0
8160	740	0
8170	740	0
8180	740	0
8190	740	0
8200	740	0
8210	740	0
8220	740	0
8230	740	0
8250	740	0
8260	740	0
8270	740	0
8280	740	0
8290	740	0
8300	740	0
8310	740	0
8320	740	0
8330	740	0
8350	740	0
8110	750	0
8140	750	0
8150	750	0
8160	750	1
8170	750	0
8180	750	0
8190	750	0
8200	750	0
8210	750	0
8220	750	0
8230	750	0
8240	750	0
8250	750	0
8260	750	0
8270	750	0
8280	750	0
8290	750	0
8300	750	0
8320	750	0
8330	750	0
8340	750	0
8350	750	0
8360	750	0
8140	760	0
8150	760	0
8160	760	0
8170	760	0
8180	760	0
8190	760	0
8200	760	0
8210	760	0
8220	760	0
8230	760	0
8240	760	0
8250	760	0
8260	760	0
8270	760	0
8280	760	0
8290	760	0
8300	760	0
8310	760	0
8330	760	0
8340	760	0
8350	760	0
8370	760	0
8160	770	0
8170	770	0
8180	770	0
8190	770	0
8200	770	0
8210	770	0
8220	770	0
8230	770	0
8240	770	0
8260	770	0
8270	770	0
8280	770	0
8290	770	0
8310	770	0
8320	770	0
8330	770	0
8340	770	0
8350	770	0
8360	770	0
8370	770	0
8380	770	0
8140	780	0
8160	780	0
8170	780	0
8180	780	0
8190	780	0
8200	780	0
8210	780	0
8220	780	0
8230	780	0
8240	780	0
8250	780	0
8260	780	0
8280	780	0
8290	780	0
8300	780	0
8310	780	0
8320	780	0
8330	780	0
8340	780	0
8360	780	0
8370	780	0
8380	780	0
8130	790	0
8170	790	0
8180	790	0
8190	790	0
8200	790	0
8210	790	0
8220	790	0
8230	790	0
8240	790	0
8250	790	0
8260	790	0
8270	790	0
8280	790	0
8290	790	0
8300	790	0
8310	790	0
8320	790	0
8330	790	0
8340	790	0
8350	790	0
8360	790	0
8370	790	0
8380	790	0
8130	800	0
8150	800	0
8160	800	0
8170	800	0
8180	800	0
8190	800	0
8200	800	0
8210	800	0
8220	800	0
8230	800	0
8240	800	0
8250	800	0
8260	800	0
8270	800	0
8280	800	0
8290	800	0
8300	800	0
8310	800	0
8320	800	0
8330	800	0
8340	800	0
8350	800	0
8360	800	0
8370	800	0
8380	800	0
8390	800	0
8140	810	0
8150	810	0
8160	810	0
8170	810	0
8180	810	0
8190	810	0
8200	810	0
8210	810	0
8220	810	0
8230	810	0
8240	810	0
8250	810	0
8260	810	0
8270	810	0
8280	810	0
8290	810	0
8300	810	0
8310	810	0
8320	810	0
8330	810	0
8350	810	0
8360	810	0
8370	810	0
8380	810	0
8390	810	0
8130	820	0
8140	820	0
8150	820	0
8160	820	0
8170	820	0
8180	820	0
8190	820	0
8200	820	0
8210	820	0
8220	820	0
8230	820	0
8250	820	0
8260	820	0
8270	820	0
8280	820	0
8290	820	0
8300	820	0
8310	820	0
8320	820	0
8350	820	0
8360	820	0
8370	820	0
8380	820	0
8390	820	0
8130	830	0
8140	830	0
8170	830	0
8180	830	0
8190	830	0
8210	830	0
8220	830	0
8230	830	0
8240	830	0
8250	830	0
8260	830	0
8270	830	0
8280	830	0
8290	830	0
8300	830	0
8310	830	0
8320	830	0
8340	830	0
8350	830	0
8360	830	0
8370	830	0
8380	830	0
8390	830	0
8400	830	0
8110	840	0
8120	840	0
8130	840	0
8140	840	0
8150	840	0
8170	840	0
8180	840	0
8190	840	0
8200	840	0
8210	840	0
8220	840	0
8230	840	0
8240	840	0
8250	840	0
8260	840	0
8270	840	0
8280	840	0
8290	840	0
8300	840	0
8310	840	0
8340	840	0
8350	840	0
8360	840	0
8390	840	0
8400	840	0
8120	850	0
8130	850	0
8170	850	0
8180	850	0
8190	850	0
8200	850	0
8210	850	0
8220	850	0
8230	850	0
8240	850	0
8250	850	0
8260	850	0
8270	850	0
8280	850	0
8290	850	0
8300	850	0
8310	850	0
8320	850	0
8330	850	0
8340	850	0
8350	850	0
8360	850	0
8380	850	0
8390	850	0
8400	850	0
8140	860	0
8170	860	0
8180	860	0
8190	860	0
8200	860	0
8210	860	0
8220	860	0
8230	860	0
8240	860	0
8250	860	0
8260	860	0
8270	860	0
8300	860	0
8310	860	0
8320	860	0
8330	860	0
8340	860	0
8350	860	0
8380	860	0
8390	860	0
8400	860	0
8170	870	0
8180	870	0
8190	870	0
8200	870	0
8210	870	0
8220	870	0
8230	870	0
8240	870	0
8250	870	0
8260	870	0
8270	870	0
8280	870	0
8170	880	0
8180	880	0
8190	880	0
8200	880	0
8210	880	0
8230	880	0
8240	880	0
8250	880	0
8260	880	0
8270	880	0
8280	880	0
8180	890	0
8190	890	0
8200	890	0
8210	890	0
8220	890	0
8230	890	0
8240	890	0
8250	890	0
8260	890	0
8270	890	0
8200	900	0
8210	900	0
8220	900	0
8230	900	0
8240	900	0
8250	900	0
8280	900	0
8200	910	0
8210	910	0
8220	910	0
8230	910	0
8240	910	0
8250	910	0
8260	910	0
8280	910	0
8300	910	0
8200	920	0
8210	920	0
8220	920	0
8230	920	0
8250	920	0
8280	920	0
8200	930	0
8210	930	0
8220	930	0
8230	930	0
8240	930	0
8250	930	0
8270	930	0
8280	930	0
8210	940	0
8220	940	0
8230	940	0
8240	940	0
8250	940	0
8260	940	0
8270	940	0
8280	940	0
8290	940	0
8300	940	0
8310	940	0
8320	940	0
8220	950	0
8230	950	0
8240	950	0
8250	950	0
8260	950	0
8280	950	0
8290	950	0
8310	950	0
8220	960	0
8230	960	0
8240	960	0
8250	960	0
8260	960	0
8270	960	0
8280	960	0
8290	960	0
8300	960	0
8310	960	0
8320	970	0
